537
587
661
570
529
679
641
582
576
606
585
528
597
550
625
520
613
580
603
564
581
523
534
628
524
514
599
598
615
669
527
556
685
526
621
643
655
657
590
644
505
646
607
627
498
623
510
670
693
541
565
609
579
635
546
508
652
578
610
521
647
605
687
530
595
617
622
692
507
502
650
640
533
658
566
536
557
511
639
540
584
662
586
686
504
604
596
522
636
683
659
601
509
574
634
592
525
631
532
573
676
544
612
558
551
626
548
633
577
545
656
673
543
501"
602
539
568
512
648
506
519
503
516
645
547
689
593
619
677
542
549
632
563
616
630
555
668
567
660
680
569
538
698
517
531
575
672
663
608
642
513
594
553
649
638
535
588
554
515
560
629
559
624
583
572
618
611
591
571
637
561
552
562
